spawns:
  default:
    world: 86916cb0-2515-4b2d-9303-48694b37c574
    world-name: world
    x: -125.6392606113965
    y: 147.0
    z: 107.28741238347445
    yaw: -44.850128173828125
    pitch: 81.00004577636719
